5
-0.3573573573573574,0.5765765765765765,0.13813813813813813,0.42642642642642636
0,0,0,1
-0.37537537537537535,0.144144144144144,0.1351351351351351,0.5375375375375375
0,0,0,1
0.012012012012011963,0.6696696696696698,0.2732732732732732,-0.18918918918918926
0,0,0,1
-0.7784431137724551,0.31137724550898205,-0.7777777777777778,-0.4774774774774775,0.020958083832335328,0.2754491017964072,0.04504504504504503,-0.4774774774774775
1,0.8196078431372549,0.8196078431372549,1
-0.39039039039039036,0.8348348348348349,0.008982035928143712,0.27245508982035926,-0.7694610778443114,0.3083832335329341
0.4235294117647059,0.5411764705882353,0.8156862745098039,1
