27
-0.7707865168539326,0.7258426966292135,0.6741573033707866,0.7325842696629215
0,0,0,1
0.6741573033707866,0.7213483146067416,0.6831460674157304,-0.4651685393258427
0,0,0,1
0.6786516853932585,-0.4651685393258427,-0.7910112359550562,-0.46966292134831455
0,0,0,1
-0.7910112359550562,-0.4719101123595506,-0.7820224719101123,0.7325842696629215
0,0,0,1
-0.7797752808988764,0.7325842696629215,-0.7550561797752808,0.7213483146067416
0,0,0,1
-0.7820224719101123,0.7258426966292135,-0.7820224719101123,0.20898876404494393,-0.11011235955056176,0.7258426966292135,-0.11011235955056176,0.20898876404494393
1,0.7803921568627451,0.7803921568627451,1
-0.1123595505617978,0.21123595505617976,-0.1123595505617978,0.7348314606741573,0.6719101123595506,0.21123595505617976,0.6719101123595506,0.7348314606741573
0.4,0.3215686274509804,1,1
0.08089887640449445,0.20898876404494393,0.08089887640449445,-0.13258426966292136,0.6764044943820224,0.20898876404494393,0.6764044943820224,-0.13258426966292136
0.7215686274509804,1,0.7372549019607844,1
0.0786516853932584,0.21797752808988768,0.0786516853932584,-0.4651685393258427,-0.7887640449438202,0.21797752808988768,-0.7887640449438202,-0.4651685393258427
1,0.9921568627450981,0.7215686274509804,1
0.0786516853932584,-0.12808988764044948,0.0786516853932584,-0.46966292134831455,0.6831460674157304,-0.12808988764044948,0.6831460674157304,-0.46966292134831455
0.5803921568627451,0,0,1
0.28314606741573023,0.7325842696629215,0.28314606741573023,0.4764044943820225,0.5280898876404494,0.7325842696629215,0.5280898876404494,0.4764044943820225
1,0.6588235294117647,0.6588235294117647,1
0.3213483146067415,0.7191011235955056,0.3213483146067415,0.6786516853932585,0.39550561797752803,0.7191011235955056,0.39550561797752803,0.6786516853932585
1,1,1,1
0.42921348314606744,0.7191011235955056,0.42921348314606744,0.6808988764044943,0.4898876404494381,0.7191011235955056,0.4898876404494381,0.6808988764044943
1,1,1,1
0.2853932584269663,0.6337078651685393,0.2853932584269663,0.4764044943820225,0.5258426966292136,0.6337078651685393,0.5258426966292136,0.4764044943820225
0.7254901960784313,0.27450980392156865,0.27450980392156865,1
-0.550561797752809,0.5550561797752809,-0.550561797752809,0.34606741573033695,-0.34157303370786507,0.5550561797752809,-0.34157303370786507,0.34606741573033695
0.27450980392156865,0.36470588235294116,0.7254901960784313,1
-0.5280898876404494,0.595505617977528,-0.5280898876404494,0.5617977528089888,-0.4943820224719102,0.595505617977528,-0.4943820224719102,0.5617977528089888
0.7803921568627451,0.8235294117647058,1,1
-0.46966292134831455,0.5932584269662922,-0.46966292134831455,0.5617977528089888,-0.4382022471910112,0.5932584269662922,-0.4382022471910112,0.5617977528089888
0.7803921568627451,0.8235294117647058,1,1
-0.41348314606741576,0.5910112359550561,-0.41348314606741576,0.5573033707865169,-0.3797752808988766,0.5910112359550561,-0.3797752808988766,0.5573033707865169
0.7803921568627451,0.8235294117647058,1,1
-0.33483146067415726,0.5348314606741573,-0.33483146067415726,0.49213483146067416,-0.2921348314606741,0.5348314606741573,-0.2921348314606741,0.49213483146067416
0.7803921568627451,0.8235294117647058,1,1
-0.3325842696629213,0.4606741573033708,-0.3325842696629213,0.41348314606741576,-0.2853932584269663,0.4606741573033708,-0.2853932584269663,0.41348314606741576
0.7803921568627451,0.8235294117647058,1,1
-0.32808988764044944,0.38426966292134823,-0.32808988764044944,0.3438202247191011,-0.28764044943820233,0.38426966292134823,-0.28764044943820233,0.3438202247191011
0.7803921568627451,0.8235294117647058,1,1
-0.40224719101123596,0.3325842696629213,-0.40224719101123596,0.28988764044943816,-0.3595505617977528,0.3325842696629213,-0.3595505617977528,0.28988764044943816
0.7803921568627451,0.8235294117647058,1,1
-0.4651685393258427,0.3370786516853932,-0.4651685393258427,0.2988764044943819,-0.4269662921348314,0.3370786516853932,-0.4269662921348314,0.2988764044943819
0.7803921568627451,0.8235294117647058,1,1
-0.5213483146067416,0.3438202247191011,-0.5213483146067416,0.2988764044943819,-0.47640449438202237,0.3438202247191011,-0.47640449438202237,0.2988764044943819
0.7803921568627451,0.8235294117647058,1,1
-0.6921348314606741,0.7213483146067416,-0.6921348314606741,0.22247191011235956,-0.7865168539325843,0.7213483146067416,-0.7865168539325843,0.22247191011235956
0.34901960784313724,0.3843137254901961,0.5333333333333333,1
-0.7033707865168539,0.6404494382022472,-0.7033707865168539,0.7280898876404494,-0.1123595505617978,0.6404494382022472,-0.1123595505617978,0.7280898876404494
0.34901960784313724,0.3843137254901961,0.5333333333333333,1
0.15505617977528097,0.12584269662921344,0.15505617977528097,-0.05617977528089879,0.6112359550561797,0.12584269662921344,0.6112359550561797,-0.05617977528089879
0.34901960784313724,0.3843137254901961,0.5333333333333333,1
